###### Camera Calibration File ######
image_width: 1920
image_height: 1080
camera_name: rs
camera_matrix:
  rows: 3
  cols: 3
  data: [614.5614013671875, 0.0, 331.8392639160156, 0.0, 614.4595336914062, 236.7994384765625, 0.0, 0.0, 1.0]
distortion_model: plumb_bob
distortion_coefficients:
  rows: 1
  cols: 5
  data: [0, 0, 0.0, 0.0, 0.0]
